x1=[107.250,105.360,102.235,97.911,92.440,85.884,78.322,69.841,60.542,50.533,39.931,28.862,17.453,5.841,-5.841,-17.453,-28.862,-39.931,-50.533,-60.542,-69.841,-78.322,-85.884,-92.440,-97.911,-102.235,-105.360,-107.250,-107.882,-107.250,-105.360,-102.235,-97.911,-92.440,-85.884,-78.322,-69.841,-60.542,-50.533,-39.931,-28.862,-17.453,-5.841,5.841,17.453,28.862,39.931,50.533,60.542,69.841,78.322,85.884,92.440,97.911,102.235,105.360]
y1=[11.664,23.191,34.447,45.299,55.619,65.288,74.191,82.224,89.293,95.315,100.220,103.950,106.461,107.724,107.724,106.461,103.950,100.220,95.315,89.293,82.224,74.191,65.288,55.619,45.299,34.447,23.191,11.664,0.000,-11.664,-23.191,-34.447,-45.299,-55.619,-65.288,-74.191,-82.224,-89.293,-95.315,-100.220,-103.950,-106.461,-107.724,-107.724,-106.461,-103.950,-100.220,-95.315,-89.293,-82.224,-74.191,-65.288,-55.619,-45.299,-34.447,-23.191]
#前120个
x2=[107.250,105.360,102.235,97.911,92.440,85.884,78.322,69.841,60.542,50.533,39.931,28.862,17.453,5.841,-5.841,-17.453,-28.862,-39.931,-50.533,-60.542,-69.841,-78.322,-85.884,-92.440,-97.911,-102.235,-105.360,-107.250,-107.882,-107.250,-105.360,-102.235,-97.911,-92.440,-85.884,-78.322,-69.841,-60.542,-50.533,-39.931,-28.862,-17.453,-5.841,5.841,17.453,28.862,39.931,50.533,60.542,69.841,78.322,85.884,92.440,97.911,102.235,105.360,107.250,107.882,121.217,120.012,117.615,114.048,109.348,103.562,96.746,88.969,80.307,70.848,60.684,49.917,38.654,27.007,15.091,3.026,-9.070,-21.075,-32.871,-44.341,-55.369,-65.848,-75.671,-84.743,-92.973,-100.279,-106.588,-111.837,-115.976,-118.961,-120.764,-121.368,-120.764,-118.961,-115.976,-111.837,-106.588,-100.279,-92.973,-84.743,-75.671,-65.848,-55.369,-44.341,-32.871,-21.075,-9.070,3.026,15.091,27.007,38.654,49.917,60.684,70.848,80.307,88.969,96.746,103.562,109.348,114.048,117.615,120.012]
y2=[11.664,23.191,34.447,45.299,55.619,65.288,74.191,82.224,89.293,95.315,100.220,103.950,106.461,107.724,107.724,106.461,103.950,100.220,95.315,89.293,82.224,74.191,65.288,55.619,45.299,34.447,23.191,11.664,0.000,-11.664,-23.191,-34.447,-45.299,-55.619,-65.288,-74.191,-82.224,-89.293,-95.315,-100.220,-103.950,-106.461,-107.724,-107.724,-106.461,-103.950,-100.220,-95.315,-89.293,-82.224,-74.191,-65.288,-55.619,-45.299,-34.447,-23.191,-11.664,0.000,6.050,18.089,29.948,41.510,52.659,63.285,73.282,82.551,90.999,98.543,105.107,110.627,115.048,118.325,120.426,121.330,121.028,119.524,116.831,112.978,108.002,101.952,94.889,86.883,78.014,68.369,58.045,47.143,35.774,24.049,12.084,0.000,-12.084,-24.049,-35.774,-47.143,-58.045,-68.369,-78.014,-86.883,-94.889,-101.952,-108.002,-112.978,-116.831,-119.524,-121.028,-121.330,-120.426,-118.325,-115.048,-110.627,-105.107,-98.543,-90.999,-82.551,-73.282,-63.285,-52.659,-41.510,-29.948,-18.089]








